4634.0 
4634.0 
5269.0 
5758.0 
5914.0 
5963.0 
5981.0 
6024.0 
6052.0 
6149.0 
6179.0 
6192.0 
6262.0 
6327.0 
6446.0 
6450.0 
6450.0 
6469.0 
6493.0 
6503.0 
6526.0 
6549.0 
6571.0 
6581.0 
6630.0 
6632.0 
6668.0 
6684.0 
6685.0 
6690.0 
6692.0 
6702.0 
6707.0 
6752.0 
6759.0 
6780.0 
6837.0 
6844.0 
6852.0 
6880.0 
6894.0 
6894.0 
6898.0 
6937.0 
6952.0 
6969.0 
6993.0 
6996.0 
7028.0 
7036.0 
7099.0 
7170.0 
7201.0 
7203.0 
7298.0 
7339.0 
7396.0 
7448.0 
7526.0 
7581.0 
7651.0 
7800.0 
7827.0 
7848.0 
7851.0 
7853.0 
7916.0 
7939.0 
7970.0 
7989.0 
8002.0 
8050.0 
8141.0 
8143.0 
8271.0 
8362.0 
8385.0 
8463.0 
8735.0 
8855.0 
9031.0 
9189.0 
9586.0 
9738.0 
9999999.0 
9999999.0 
9999999.0 
9999999.0 
9999999.0 
1.0000319E7 
1.0000319E7 
1.000062E7 
1.0000647E7 
1.0001498E7 
1.0001678E7 
1.0002709E7 
1.0003356E7 
1.0003385E7 
1.0006131E7 
1.0006238E7 
