0 672 -1 647 160 620 414 950 785 319 274 619
735 0 652 659 818 408 670 396 658 406 556 798
-1 602 0 1097 713 270 1035 446 -1 687 572 580
647 659 1097 0 639 878 204 891 -1 -1 638 1156
170 690 846 698 0 691 508 1015 890 385 271 426
734 440 270 878 584 0 752 410 1005 -1 490 624
486 727 1035 190 600 752 0 974 365 367 481 1018
1032 367 446 975 854 380 890 0 1059 629 797 980
724 603 -1 -1 750 926 313 975 0 572 801 1168
372 406 629 -1 354 -1 399 745 572 0 227 651
294 602 676 638 271 416 567 734 801 243 0 518
619 947 532 1063 464 528 1018 902 1066 597 479 0